# 1 583 1 1
  7.5004e+14  3.31290e+25  1.43810e+05
  7.5011e+14  5.51502e+21  2.40000e+01
  7.5019e+14  1.17192e+22  5.10000e+01
  7.5026e+14  1.79226e+22  7.80000e+01
  7.5034e+14  2.50448e+22  1.09000e+02
  7.5041e+14  4.34250e+22  1.89000e+02
  7.5049e+14  5.92764e+22  2.58000e+02
  7.5056e+14  9.55753e+22  4.16000e+02
  7.5064e+14  1.08667e+23  4.73000e+02
  7.5071e+14  1.28649e+23  5.60000e+02
  7.5079e+14  1.64024e+23  7.14000e+02
  7.5086e+14  1.96404e+23  8.55000e+02
  7.5094e+14  2.37058e+23  1.03200e+03
  7.5101e+14  2.74262e+23  1.19400e+03
  7.5109e+14  3.01358e+23  1.31200e+03
  7.5116e+14  3.64973e+23  1.58900e+03
  7.5124e+14  4.13185e+23  1.79900e+03
  7.5131e+14  4.66458e+23  2.03100e+03
  7.5139e+14  5.13754e+23  2.23700e+03
  7.5146e+14  5.68845e+23  2.47700e+03
  7.5154e+14  6.35652e+23  2.76800e+03
  7.5161e+14  6.85937e+23  2.98700e+03
  7.5169e+14  7.56631e+23  3.29500e+03
  7.5176e+14  8.36984e+23  3.64500e+03
  7.5184e+14  8.88839e+23  3.87100e+03
  7.5191e+14  9.98105e+23  4.34700e+03
  7.5199e+14  1.05086e+24  4.57700e+03
  7.5207e+14  1.15235e+24  5.01900e+03
  7.5214e+14  1.23193e+24  5.36600e+03
  7.5222e+14  1.32626e+24  5.77700e+03
  7.5229e+14  1.37948e+24  6.00900e+03
  7.5237e+14  1.49237e+24  6.50100e+03
  7.5244e+14  1.55454e+24  6.77200e+03
  7.5252e+14  1.63759e+24  7.13400e+03
  7.5259e+14  1.65185e+24  7.19700e+03
  7.5267e+14  1.68406e+24  7.33800e+03
  7.5274e+14  1.64305e+24  7.16000e+03
  7.5282e+14  1.68787e+24  7.35600e+03
  7.5289e+14  1.70787e+24  7.44400e+03
  7.5297e+14  1.66642e+24  7.26400e+03
  7.5304e+14  1.67449e+24  7.30000e+03
  7.5312e+14  1.66424e+24  7.25600e+03
  7.5319e+14  1.67117e+24  7.28700e+03
  7.5327e+14  1.69995e+24  7.41300e+03
  7.5334e+14  1.65389e+24  7.21300e+03
  7.5342e+14  1.64363e+24  7.16900e+03
  7.5350e+14  1.70145e+24  7.42200e+03
  7.5357e+14  1.64971e+24  7.19700e+03
  7.5365e+14  1.64842e+24  7.19200e+03
  7.5372e+14  1.69867e+24  7.41200e+03
  7.5380e+14  1.67077e+24  7.29100e+03
  7.5387e+14  1.67060e+24  7.29100e+03
  7.5395e+14  1.64728e+24  7.19000e+03
  7.5402e+14  1.70188e+24  7.42900e+03
  7.5410e+14  1.65613e+24  7.23000e+03
  7.5417e+14  1.68551e+24  7.35900e+03
  7.5425e+14  1.68307e+24  7.34900e+03
  7.5432e+14  1.65768e+24  7.23900e+03
  7.5440e+14  1.63898e+24  7.15800e+03
  7.5448e+14  1.64408e+24  7.18100e+03
  7.5455e+14  1.66679e+24  7.28100e+03
  7.5463e+14  1.61033e+24  7.03500e+03
  7.5470e+14  1.63901e+24  7.16100e+03
  7.5478e+14  1.64550e+24  7.19000e+03
  7.5485e+14  1.66568e+24  7.27900e+03
  7.5493e+14  1.62067e+24  7.08300e+03
  7.5500e+14  1.64065e+24  7.17100e+03
  7.5508e+14  1.67799e+24  7.33500e+03
  7.5515e+14  1.64352e+24  7.18500e+03
  7.5523e+14  1.65730e+24  7.24600e+03
  7.5531e+14  1.65002e+24  7.21500e+03
  7.5538e+14  1.63342e+24  7.14300e+03
  7.5546e+14  1.61928e+24  7.08200e+03
  7.5553e+14  1.64402e+24  7.19100e+03
  7.5561e+14  1.64092e+24  7.17800e+03
  7.5568e+14  1.64967e+24  7.21700e+03
  7.5576e+14  1.64381e+24  7.19200e+03
  7.5583e+14  1.63656e+24  7.16100e+03
  7.5591e+14  1.65857e+24  7.25800e+03
  7.5599e+14  1.67781e+24  7.34300e+03
  7.5606e+14  1.63171e+24  7.14200e+03
  7.5614e+14  1.65346e+24  7.23800e+03
  7.5621e+14  1.64304e+24  7.19300e+03
  7.5629e+14  1.62621e+24  7.12000e+03
  7.5636e+14  1.68931e+24  7.39700e+03
  7.5644e+14  1.65921e+24  7.26600e+03
  7.5652e+14  1.61931e+24  7.09200e+03
  7.5659e+14  1.66004e+24  7.27100e+03
  7.5667e+14  1.64091e+24  7.18800e+03
  7.5674e+14  1.65696e+24  7.25900e+03
  7.5682e+14  1.64537e+24  7.20900e+03
  7.5689e+14  1.68084e+24  7.36500e+03
  7.5697e+14  1.62018e+24  7.10000e+03
  7.5705e+14  1.64398e+24  7.20500e+03
  7.5712e+14  1.65611e+24  7.25900e+03
  7.5720e+14  1.62905e+24  7.14100e+03
  7.5727e+14  1.60767e+24  7.04800e+03
  7.5735e+14  1.63511e+24  7.16900e+03
  7.5742e+14  1.62306e+24  7.11700e+03
  7.5750e+14  1.65393e+24  7.25300e+03
  7.5758e+14  1.62754e+24  7.13800e+03
  7.5765e+14  1.62215e+24  7.11500e+03
  7.5773e+14  1.62493e+24  7.12800e+03
  7.5780e+14  1.63891e+24  7.19000e+03
  7.5788e+14  1.64441e+24  7.21500e+03
  7.5795e+14  1.63290e+24  7.16500e+03
  7.5803e+14  1.61359e+24  7.08100e+03
  7.5811e+14  1.64305e+24  7.21100e+03
  7.5818e+14  1.63968e+24  7.19700e+03
  7.5826e+14  1.62790e+24  7.14600e+03
  7.5833e+14  1.62385e+24  7.12900e+03
  7.5841e+14  1.64899e+24  7.24000e+03
  7.5848e+14  1.64086e+24  7.20500e+03
  7.5856e+14  1.64296e+24  7.21500e+03
  7.5864e+14  1.62661e+24  7.14400e+03
  7.5871e+14  1.62305e+24  7.12900e+03
  7.5879e+14  1.62338e+24  7.13100e+03
  7.5886e+14  1.61319e+24  7.08700e+03
  7.5894e+14  1.63554e+24  7.18600e+03
  7.5902e+14  1.64470e+24  7.22700e+03
  7.5909e+14  1.62816e+24  7.15500e+03
  7.5917e+14  1.64162e+24  7.21500e+03
  7.5924e+14  1.66402e+24  7.31400e+03
  7.5932e+14  1.61792e+24  7.11200e+03
  7.5940e+14  1.63845e+24  7.20300e+03
  7.5947e+14  1.60119e+24  7.04000e+03
  7.5955e+14  1.60013e+24  7.03600e+03
  7.5962e+14  1.64296e+24  7.22500e+03
  7.5970e+14  1.62576e+24  7.15000e+03
  7.5978e+14  1.61737e+24  7.11400e+03
  7.5985e+14  1.59268e+24  7.00600e+03
  7.5993e+14  1.62159e+24  7.13400e+03
  7.6000e+14  1.58212e+24  6.96100e+03
  7.6008e+14  1.63016e+24  7.17300e+03
  7.6016e+14  1.61547e+24  7.10900e+03
  7.6023e+14  1.59688e+24  7.02800e+03
  7.6031e+14  1.56018e+24  6.86700e+03
  7.6038e+14  1.56913e+24  6.90700e+03
  7.6046e+14  1.56443e+24  6.88700e+03
  7.6054e+14  1.54910e+24  6.82000e+03
  7.6061e+14  1.53620e+24  6.76400e+03
  7.6069e+14  1.55083e+24  6.82900e+03
  7.6076e+14  1.50052e+24  6.60800e+03
  7.6084e+14  1.48178e+24  6.52600e+03
  7.6092e+14  1.47666e+24  6.50400e+03
  7.6099e+14  1.45789e+24  6.42200e+03
  7.6107e+14  1.40694e+24  6.19800e+03
  7.6114e+14  1.38391e+24  6.09700e+03
  7.6122e+14  1.34338e+24  5.91900e+03
  7.6130e+14  1.32579e+24  5.84200e+03
  7.6137e+14  1.31683e+24  5.80300e+03
  7.6145e+14  1.27771e+24  5.63100e+03
  7.6152e+14  1.22880e+24  5.41600e+03
  7.6160e+14  1.20941e+24  5.33100e+03
  7.6168e+14  1.17123e+24  5.16300e+03
  7.6175e+14  1.10553e+24  4.87400e+03
  7.6183e+14  1.06394e+24  4.69100e+03
  7.6191e+14  1.02121e+24  4.50300e+03
  7.6198e+14  9.80553e+23  4.32400e+03
  7.6206e+14  9.35786e+23  4.12700e+03
  7.6213e+14  8.66998e+23  3.82400e+03
  7.6221e+14  8.10246e+23  3.57400e+03
  7.6229e+14  7.77274e+23  3.42900e+03
  7.6236e+14  7.15328e+23  3.15600e+03
  7.6244e+14  6.77847e+23  2.99100e+03
  7.6252e+14  6.10271e+23  2.69300e+03
  7.6259e+14  5.70974e+23  2.52000e+03
  7.6267e+14  5.37847e+23  2.37400e+03
  7.6274e+14  5.11513e+23  2.25800e+03
  7.6282e+14  4.68201e+23  2.06700e+03
  7.6290e+14  4.52302e+23  1.99700e+03
  7.6297e+14  4.35064e+23  1.92100e+03
  7.6305e+14  4.08295e+23  1.80300e+03
  7.6313e+14  3.76335e+23  1.66200e+03
  7.6320e+14  3.72916e+23  1.64700e+03
  7.6328e+14  3.45943e+23  1.52800e+03
  7.6335e+14  3.28023e+23  1.44900e+03
  7.6343e+14  3.12162e+23  1.37900e+03
  7.6351e+14  2.89261e+23  1.27800e+03
  7.6358e+14  2.50539e+23  1.10700e+03
  7.6366e+14  2.31502e+23  1.02300e+03
  7.6374e+14  2.19041e+23  9.68000e+02
  7.6381e+14  1.90958e+23  8.44000e+02
  7.6389e+14  1.57238e+23  6.95000e+02
  7.6397e+14  1.45911e+23  6.45000e+02
  7.6404e+14  1.45221e+23  6.42000e+02
  7.6412e+14  1.31410e+23  5.81000e+02
  7.6419e+14  1.23255e+23  5.45000e+02
  7.6427e+14  1.04926e+23  4.64000e+02
  7.6435e+14  1.01076e+23  4.47000e+02
  7.6442e+14  8.79477e+22  3.89000e+02
  7.6450e+14  6.94020e+22  3.07000e+02
  7.6458e+14  6.73657e+22  2.98000e+02
  7.6465e+14  6.14802e+22  2.72000e+02
  7.6473e+14  5.13026e+22  2.27000e+02
  7.6481e+14  4.27089e+22  1.89000e+02
  7.6488e+14  3.54746e+22  1.57000e+02
  7.6496e+14  2.82413e+22  1.25000e+02
  7.6504e+14  2.64309e+22  1.17000e+02
  7.6511e+14  2.39413e+22  1.06000e+02
  7.6519e+14  2.19047e+22  9.70000e+01
  7.6527e+14  1.69337e+22  7.50000e+01
  7.6534e+14  1.48969e+22  6.60000e+01
  7.6542e+14  1.21888e+22  5.40000e+01
  7.6549e+14  1.46708e+22  6.50000e+01
  7.6557e+14  1.48955e+22  6.60000e+01
  7.6565e+14  1.17356e+22  5.20000e+01
  7.6572e+14  1.01546e+22  4.50000e+01
  7.6580e+14  9.70133e+21  4.30000e+01
  7.6588e+14  1.08291e+22  4.80000e+01
  7.6595e+14  9.92361e+21  4.40000e+01
  7.6603e+14  1.01501e+22  4.50000e+01
  7.6611e+14  9.24706e+21  4.10000e+01
  7.6618e+14  9.24566e+21  4.10000e+01
  7.6626e+14  6.99124e+21  3.10000e+01
  7.6634e+14  1.03710e+22  4.60000e+01
  7.6641e+14  9.69232e+21  4.30000e+01
  7.6649e+14  4.50897e+21  2.00000e+01
  7.6657e+14  1.01419e+22  4.50000e+01
  7.6664e+14  5.40830e+21  2.40000e+01
  7.6672e+14  6.31046e+21  2.80000e+01
  7.6680e+14  8.33788e+21  3.70000e+01
  7.6687e+14  7.65915e+21  3.40000e+01
  7.6695e+14  6.08243e+21  2.70000e+01
  7.6703e+14  4.95558e+21  2.20000e+01
  7.6710e+14  5.62989e+21  2.50000e+01
  7.6718e+14  5.85498e+21  2.60000e+01
  7.6726e+14  4.95263e+21  2.20000e+01
  7.6733e+14  5.85480e+21  2.60000e+01
  7.6741e+14  5.62779e+21  2.50000e+01
  7.6749e+14  3.82705e+21  1.70000e+01
  7.6756e+14  7.65263e+21  3.40000e+01
  7.6764e+14  7.42724e+21  3.30000e+01
  7.6772e+14  8.77740e+21  3.90000e+01
  7.6779e+14  7.42628e+21  3.30000e+01
  7.6787e+14  9.44952e+21  4.20000e+01
  7.6795e+14  9.67493e+21  4.30000e+01
  7.6802e+14  8.99850e+21  4.00000e+01
  7.6810e+14  7.42037e+21  3.30000e+01
  7.6818e+14  6.97144e+21  3.10000e+01
  7.6826e+14  6.29715e+21  2.80000e+01
  7.6833e+14  8.09583e+21  3.60000e+01
  7.6841e+14  8.54508e+21  3.80000e+01
  7.6849e+14  6.07087e+21  2.70000e+01
  7.6856e+14  8.31630e+21  3.70000e+01
  7.6864e+14  6.51902e+21  2.90000e+01
  7.6872e+14  7.19041e+21  3.20000e+01
  7.6879e+14  8.53925e+21  3.80000e+01
  7.6887e+14  7.63754e+21  3.40000e+01
  7.6895e+14  8.98346e+21  4.00000e+01
  7.6902e+14  1.01045e+22  4.50000e+01
  7.6910e+14  1.19033e+22  5.30000e+01
  7.6918e+14  9.43200e+21  4.20000e+01
  7.6925e+14  1.01044e+22  4.50000e+01
  7.6933e+14  9.88048e+21  4.40000e+01
  7.6941e+14  1.27981e+22  5.70000e+01
  7.6949e+14  1.32435e+22  5.90000e+01
  7.6956e+14  1.16737e+22  5.20000e+01
  7.6964e+14  1.48122e+22  6.60000e+01
  7.6972e+14  1.61592e+22  7.20000e+01
  7.6979e+14  1.39133e+22  6.20000e+01
  7.6987e+14  1.77264e+22  7.90000e+01
  7.6995e+14  2.37814e+22  1.06000e+02
  7.7002e+14  3.07292e+22  1.37000e+02
  7.7010e+14  3.38719e+22  1.51000e+02
  7.7018e+14  4.17164e+22  1.86000e+02
  7.7026e+14  4.82137e+22  2.15000e+02
  7.7033e+14  5.42692e+22  2.42000e+02
  7.7041e+14  6.09935e+22  2.72000e+02
  7.7049e+14  7.30960e+22  3.26000e+02
  7.7056e+14  7.84736e+22  3.50000e+02
  7.7064e+14  8.40744e+22  3.75000e+02
  7.7072e+14  7.98096e+22  3.56000e+02
  7.7079e+14  8.49617e+22  3.79000e+02
  7.7087e+14  6.79145e+22  3.03000e+02
  7.7095e+14  7.62042e+22  3.40000e+02
  7.7103e+14  7.59704e+22  3.39000e+02
  7.7110e+14  6.36364e+22  2.84000e+02
  7.7118e+14  6.27403e+22  2.80000e+02
  7.7126e+14  5.39921e+22  2.41000e+02
  7.7133e+14  6.18278e+22  2.76000e+02
  7.7141e+14  5.59968e+22  2.50000e+02
  7.7149e+14  4.97203e+22  2.22000e+02
  7.7157e+14  5.06098e+22  2.26000e+02
  7.7164e+14  5.01562e+22  2.24000e+02
  7.7172e+14  5.91062e+22  2.64000e+02
  7.7180e+14  5.19343e+22  2.32000e+02
  7.7187e+14  5.57385e+22  2.49000e+02
  7.7195e+14  6.17768e+22  2.76000e+02
  7.7203e+14  6.22188e+22  2.78000e+02
  7.7211e+14  4.99060e+22  2.23000e+02
  7.7218e+14  5.66142e+22  2.53000e+02
  7.7226e+14  5.88472e+22  2.63000e+02
  7.7234e+14  5.66080e+22  2.53000e+02
  7.7241e+14  5.41425e+22  2.42000e+02
  7.7249e+14  5.05592e+22  2.26000e+02
  7.7257e+14  4.38405e+22  1.96000e+02
  7.7265e+14  4.38382e+22  1.96000e+02
  7.7272e+14  3.71213e+22  1.66000e+02
  7.7280e+14  3.91333e+22  1.75000e+02
  7.7288e+14  3.22005e+22  1.44000e+02
  7.7296e+14  3.35358e+22  1.50000e+02
  7.7303e+14  2.45908e+22  1.10000e+02
  7.7311e+14  2.30235e+22  1.03000e+02
  7.7319e+14  2.81633e+22  1.26000e+02
  7.7326e+14  2.34656e+22  1.05000e+02
  7.7334e+14  2.48078e+22  1.11000e+02
  7.7342e+14  2.27903e+22  1.02000e+02
  7.7350e+14  1.63085e+22  7.30000e+01
  7.7357e+14  1.63075e+22  7.30000e+01
  7.7365e+14  1.65304e+22  7.40000e+01
  7.7373e+14  1.63012e+22  7.30000e+01
  7.7381e+14  1.56321e+22  7.00000e+01
  7.7388e+14  1.65240e+22  7.40000e+01
  7.7396e+14  1.78582e+22  8.00000e+01
  7.7404e+14  1.58495e+22  7.10000e+01
  7.7412e+14  1.65183e+22  7.40000e+01
  7.7419e+14  1.38383e+22  6.20000e+01
  7.7427e+14  1.67375e+22  7.50000e+01
  7.7435e+14  8.70189e+21  3.90000e+01
  7.7443e+14  1.45045e+22  6.50000e+01
  7.7450e+14  1.69531e+22  7.60000e+01
  7.7458e+14  1.31605e+22  5.90000e+01
  7.7466e+14  1.29364e+22  5.80000e+01
  7.7474e+14  1.13743e+22  5.10000e+01
  7.7481e+14  1.09280e+22  4.90000e+01
  7.7489e+14  1.00348e+22  4.50000e+01
  7.7497e+14  8.02612e+21  3.60000e+01
  7.7505e+14  6.68981e+21  3.00000e+01
  7.7512e+14  8.02529e+21  3.60000e+01
  7.7520e+14  7.80245e+21  3.50000e+01
  7.7528e+14  7.57990e+21  3.40000e+01
  7.7536e+14  7.35472e+21  3.30000e+01
  7.7543e+14  6.90856e+21  3.10000e+01
  7.7551e+14  6.01750e+21  2.70000e+01
  7.7559e+14  7.57689e+21  3.40000e+01
  7.7567e+14  5.34800e+21  2.40000e+01
  7.7574e+14  3.56499e+21  1.60000e+01
  7.7582e+14  4.23332e+21  1.90000e+01
  7.7590e+14  3.11916e+21  1.40000e+01
  7.7598e+14  3.78727e+21  1.70000e+01
  7.7605e+14  2.89591e+21  1.30000e+01
  7.7613e+14  2.22771e+21  1.00000e+01
  7.7621e+14  2.44967e+21  1.10000e+01
  7.7629e+14  2.22708e+21  1.00000e+01
  7.7636e+14  8.90618e+20  4.00000e+00
  7.7644e+14  6.67889e+20  3.00000e+00
  7.7652e+14  4.45106e+20  2.00000e+00
  7.7660e+14  0.00000e+00  0.00000e+00
  7.7667e+14  2.22428e+20  1.00000e+00
  7.7675e+14  6.67706e+20  3.00000e+00
  7.7683e+14  6.67530e+20  3.00000e+00
  7.7691e+14  2.22453e+20  1.00000e+00
  7.7699e+14  6.67453e+20  3.00000e+00
  7.7706e+14  2.22495e+20  1.00000e+00
  7.7714e+14  2.22389e+20  1.00000e+00
  7.7722e+14  6.66985e+20  3.00000e+00
  7.7730e+14  2.22455e+20  1.00000e+00
  7.7737e+14  4.43719e+20  2.00000e+00
  7.7745e+14  0.00000e+00  0.00000e+00
  7.7753e+14  4.44491e+20  2.00000e+00
  7.7761e+14  4.44128e+20  2.00000e+00
  7.7768e+14  0.00000e+00  0.00000e+00
  7.7776e+14  2.22300e+20  1.00000e+00
  7.7784e+14  0.00000e+00  0.00000e+00
  7.7792e+14  2.22190e+20  1.00000e+00
  7.7800e+14  4.44063e+20  2.00000e+00
  7.7807e+14  2.22201e+20  1.00000e+00
  7.7815e+14  8.87873e+20  4.00000e+00
  7.7823e+14  2.22074e+20  1.00000e+00
  7.7831e+14  6.65971e+20  3.00000e+00
  7.7839e+14  8.88016e+20  4.00000e+00
  7.7846e+14  2.21894e+20  1.00000e+00
  7.7854e+14  4.43915e+20  2.00000e+00
  7.7862e+14  1.55376e+21  7.00000e+00
  7.7870e+14  4.43335e+20  2.00000e+00
  7.7877e+14  1.10922e+21  5.00000e+00
  7.7885e+14  4.43634e+20  2.00000e+00
  7.7893e+14  1.77490e+21  8.00000e+00
  7.7901e+14  1.10936e+21  5.00000e+00
  7.7909e+14  6.65593e+20  3.00000e+00
  7.7916e+14  6.65024e+20  3.00000e+00
  7.7924e+14  1.33103e+21  6.00000e+00
  7.7932e+14  2.21869e+20  1.00000e+00
  7.7940e+14  4.43560e+20  2.00000e+00
  7.7948e+14  1.33011e+21  6.00000e+00
  7.7955e+14  1.33022e+21  6.00000e+00
  7.7963e+14  2.21750e+20  1.00000e+00
  7.7971e+14  1.99468e+21  9.00000e+00
  7.7979e+14  4.43364e+20  2.00000e+00
  7.7987e+14  2.21624e+20  1.00000e+00
  7.7994e+14  2.21680e+20  1.00000e+00
  7.8002e+14  6.64814e+20  3.00000e+00
  7.8010e+14  2.21631e+20  1.00000e+00
  7.8018e+14  2.21607e+20  1.00000e+00
  7.8026e+14  2.21562e+20  1.00000e+00
  7.8033e+14  2.21597e+20  1.00000e+00
  7.8041e+14  0.00000e+00  0.00000e+00
  7.8049e+14  4.42990e+20  2.00000e+00
  7.8057e+14  0.00000e+00  0.00000e+00
  7.8065e+14  2.21498e+20  1.00000e+00
  7.8072e+14  2.21413e+20  1.00000e+00
  7.8080e+14  0.00000e+00  0.00000e+00
  7.8088e+14  0.00000e+00  0.00000e+00
  7.8096e+14  0.00000e+00  0.00000e+00
  7.8104e+14  0.00000e+00  0.00000e+00
  7.8111e+14  0.00000e+00  0.00000e+00
  7.8119e+14  0.00000e+00  0.00000e+00
  7.8127e+14  0.00000e+00  0.00000e+00
  7.8135e+14  2.21031e+20  1.00000e+00
  7.8143e+14  0.00000e+00  0.00000e+00
  7.8150e+14  0.00000e+00  0.00000e+00
  7.8158e+14  0.00000e+00  0.00000e+00
  7.8166e+14  0.00000e+00  0.00000e+00
  7.8174e+14  2.20862e+20  1.00000e+00
  7.8182e+14  0.00000e+00  0.00000e+00
  7.8190e+14  0.00000e+00  0.00000e+00
  7.8197e+14  0.00000e+00  0.00000e+00
  7.8205e+14  2.20608e+20  1.00000e+00
  7.8213e+14  0.00000e+00  0.00000e+00
  7.8221e+14  6.62317e+20  3.00000e+00
  7.8229e+14  6.62201e+20  3.00000e+00
  7.8236e+14  1.10338e+21  5.00000e+00
  7.8244e+14  2.20753e+20  1.00000e+00
  7.8252e+14  2.20625e+20  1.00000e+00
  7.8260e+14  0.00000e+00  0.00000e+00
  7.8268e+14  4.41520e+20  2.00000e+00
  7.8276e+14  8.82935e+20  4.00000e+00
  7.8283e+14  4.41247e+20  2.00000e+00
  7.8291e+14  4.41157e+20  2.00000e+00
  7.8299e+14  0.00000e+00  0.00000e+00
  7.8307e+14  4.41313e+20  2.00000e+00
  7.8315e+14  2.20691e+20  1.00000e+00
  7.8323e+14  8.82426e+20  4.00000e+00
  7.8330e+14  8.82199e+20  4.00000e+00
  7.8338e+14  4.41306e+20  2.00000e+00
  7.8346e+14  6.60539e+20  3.00000e+00
  7.8354e+14  6.60938e+20  3.00000e+00
  7.8362e+14  4.40865e+20  2.00000e+00
  7.8370e+14  4.40859e+20  2.00000e+00
  7.8377e+14  2.20156e+20  1.00000e+00
  7.8385e+14  8.81722e+20  4.00000e+00
  7.8393e+14  2.20466e+20  1.00000e+00
  7.8401e+14  2.20543e+20  1.00000e+00
  7.8409e+14  4.40843e+20  2.00000e+00
  7.8417e+14  4.40716e+20  2.00000e+00
  7.8424e+14  2.20311e+20  1.00000e+00
  7.8432e+14  6.60306e+20  3.00000e+00
  7.8440e+14  6.60553e+20  3.00000e+00
  7.8448e+14  1.32201e+21  6.00000e+00
  7.8456e+14  8.80043e+20  4.00000e+00
  7.8464e+14  8.80844e+20  4.00000e+00
  7.8472e+14  4.40115e+20  2.00000e+00
  7.8479e+14  1.10057e+21  5.00000e+00
  7.8487e+14  4.39803e+20  2.00000e+00
  7.8495e+14  8.79793e+20  4.00000e+00
  7.8503e+14  1.31957e+21  6.00000e+00
  7.8511e+14  1.53922e+21  7.00000e+00
  7.8519e+14  2.41871e+21  1.10000e+01
  7.8526e+14  4.39704e+20  2.00000e+00
  7.8534e+14  3.07923e+21  1.40000e+01
  7.8542e+14  2.41821e+21  1.10000e+01
  7.8550e+14  4.83640e+21  2.20000e+01
  7.8558e+14  5.93756e+21  2.70000e+01
  7.8566e+14  4.83531e+21  2.20000e+01
  7.8574e+14  7.03230e+21  3.20000e+01
  7.8581e+14  8.56831e+21  3.90000e+01
  7.8589e+14  1.71343e+22  7.80000e+01
  7.8597e+14  2.92088e+22  1.33000e+02
  7.8605e+14  4.85312e+22  2.21000e+02
  7.8613e+14  8.32141e+22  3.79000e+02
  7.8621e+14  1.38543e+23  6.31000e+02
  7.8629e+14  2.61244e+23  1.19000e+03
  7.8636e+14  4.45636e+23  2.03000e+03
  7.8644e+14  6.49350e+23  2.95800e+03
  7.8652e+14  8.62353e+23  3.92800e+03
  7.8660e+14  1.07182e+24  4.88200e+03
  7.8668e+14  1.23760e+24  5.63700e+03
  7.8676e+14  1.33638e+24  6.08700e+03
  7.8684e+14  1.39354e+24  6.34800e+03
  7.8692e+14  1.45203e+24  6.61500e+03
  7.8699e+14  1.42559e+24  6.49500e+03
  7.8707e+14  1.44147e+24  6.56800e+03
  7.8715e+14  1.43934e+24  6.55900e+03
  7.8723e+14  1.44972e+24  6.60700e+03
  7.8731e+14  1.44277e+24  6.57600e+03
  7.8739e+14  1.45338e+24  6.62500e+03
  7.8747e+14  1.42648e+24  6.50300e+03
  7.8755e+14  1.46365e+24  6.67300e+03
  7.8762e+14  1.45623e+24  6.64000e+03
  7.8770e+14  1.44425e+24  6.58600e+03
  7.8778e+14  1.42393e+24  6.49400e+03
  7.8786e+14  1.45473e+24  6.63500e+03
  7.8794e+14  1.43855e+24  6.56200e+03
  7.8802e+14  1.44016e+24  6.57000e+03
  7.8810e+14  1.47488e+24  6.72900e+03
  7.8818e+14  1.43614e+24  6.55300e+03
  7.8825e+14  1.44539e+24  6.59600e+03
  7.8833e+14  1.43827e+24  6.56400e+03
  7.8841e+14  1.45850e+24  6.65700e+03
  7.8849e+14  1.44193e+24  6.58200e+03
  7.8857e+14  1.45141e+24  6.62600e+03
  7.8865e+14  1.45390e+24  6.63800e+03
  7.8873e+14  1.45462e+24  6.64200e+03
  7.8881e+14  1.40629e+24  6.42200e+03
  7.8889e+14  1.41994e+24  6.48500e+03
  7.8896e+14  1.45661e+24  6.65300e+03
  7.8904e+14  1.41376e+24  6.45800e+03
  7.8912e+14  1.43290e+24  6.54600e+03
  7.8920e+14  1.43492e+24  6.55600e+03
  7.8928e+14  1.41355e+24  6.45900e+03
  7.8936e+14  1.44275e+24  6.59300e+03
  7.8944e+14  1.45748e+24  6.66100e+03
  7.8952e+14  1.43788e+24  6.57200e+03
  7.8960e+14  1.42437e+24  6.51100e+03
  7.8967e+14  1.45091e+24  6.63300e+03
  7.8975e+14  1.41446e+24  6.46700e+03
  7.8983e+14  1.43640e+24  6.56800e+03
  7.8991e+14  1.41837e+24  6.48600e+03
  7.8999e+14  1.43590e+24  6.56700e+03
  7.9007e+14  1.41193e+24  6.45800e+03
  7.9015e+14  1.39780e+24  6.39400e+03
  7.9023e+14  1.44425e+24  6.60700e+03
  7.9031e+14  1.45479e+24  6.65600e+03
  7.9039e+14  1.42621e+24  6.52600e+03
  7.9046e+14  1.44269e+24  6.60200e+03
  7.9054e+14  1.41961e+24  6.49700e+03
  7.9062e+14  1.43106e+24  6.55000e+03
  7.9070e+14  1.42434e+24  6.52000e+03
  7.9078e+14  1.41592e+24  6.48200e+03
  7.9086e+14  1.42471e+24  6.52300e+03
  7.9094e+14  1.44817e+24  6.63100e+03
  7.9102e+14  1.42487e+24  6.52500e+03
  7.9110e+14  1.44786e+24  6.63100e+03
  7.9118e+14  1.41958e+24  6.50200e+03
  7.9126e+14  1.42814e+24  6.54200e+03
  7.9133e+14  1.46116e+24  6.69400e+03
  7.9141e+14  1.42220e+24  6.51600e+03
  7.9149e+14  1.42206e+24  6.51600e+03
  7.9157e+14  1.39178e+24  6.37800e+03
  7.9165e+14  1.41216e+24  6.47200e+03
  7.9173e+14  1.44759e+24  6.63500e+03
  7.9181e+14  1.43020e+24  6.55600e+03
  7.9189e+14  1.43269e+24  6.56800e+03
  7.9197e+14  1.42817e+24  6.54800e+03
  7.9205e+14  1.42977e+24  6.55600e+03
  7.9213e+14  1.39411e+24  6.39300e+03
  7.9221e+14  1.44213e+24  6.61400e+03
  7.9228e+14  1.43089e+24  6.56300e+03
  7.9236e+14  1.40611e+24  6.45000e+03
  7.9244e+14  1.36348e+24  6.25500e+03
  7.9252e+14  1.42872e+24  6.55500e+03
  7.9260e+14  1.40526e+24  6.44800e+03
  7.9268e+14  1.43953e+24  6.60600e+03
  7.9276e+14  1.41694e+24  6.50300e+03
  7.9284e+14  1.40114e+24  6.43100e+03
  7.9292e+14  1.39399e+24  6.39900e+03
  7.9300e+14  1.40846e+24  6.46600e+03
  7.9308e+14  1.41397e+24  6.49200e+03
  7.9316e+14  1.42189e+24  6.52900e+03
  7.9324e+14  1.42046e+24  6.52300e+03
  7.9332e+14  1.40616e+24  6.45800e+03
  7.9339e+14  1.37162e+24  6.30000e+03
  7.9347e+14  1.43746e+24  6.60300e+03
  7.9355e+14  1.40074e+24  6.43500e+03
  7.9363e+14  1.39775e+24  6.42200e+03
  7.9371e+14  1.40784e+24  6.46900e+03
  7.9379e+14  1.40642e+24  6.46300e+03
  7.9387e+14  1.40756e+24  6.46900e+03
  7.9395e+14  1.39177e+24  6.39700e+03
  7.9403e+14  1.41968e+24  6.52600e+03
  7.9411e+14  1.41846e+24  6.52100e+03
  7.9419e+14  1.41465e+24  6.50400e+03
  7.9427e+14  1.38707e+24  6.37800e+03
  7.9435e+14  1.41540e+24  6.50900e+03
  7.9443e+14  1.40006e+24  6.43900e+03
  7.9451e+14  1.39752e+24  6.42800e+03
  7.9459e+14  1.39956e+24  6.43800e+03
  7.9466e+14  1.41551e+24  6.51200e+03
  7.9474e+14  1.41384e+24  6.50500e+03
  7.9482e+14  1.42259e+24  6.54600e+03
  7.9490e+14  1.39096e+24  6.40100e+03
  7.9497e+14  1.41254e+24  4.66900e+03
