# 1 583 1 1
  7.5004e+14  3.31359e+25  1.43840e+05
  7.5011e+14  3.21709e+21  1.40000e+01
  7.5019e+14  7.58283e+21  3.30000e+01
  7.5026e+14  2.06799e+22  9.00000e+01
  7.5034e+14  2.96400e+22  1.29000e+02
  7.5041e+14  5.05474e+22  2.20000e+02
  7.5049e+14  6.43303e+22  2.80000e+02
  7.5056e+14  8.31685e+22  3.62000e+02
  7.5064e+14  1.11424e+23  4.85000e+02
  7.5071e+14  1.35540e+23  5.90000e+02
  7.5079e+14  1.60806e+23  7.00000e+02
  7.5086e+14  2.05134e+23  8.93000e+02
  7.5094e+14  2.41192e+23  1.05000e+03
  7.5101e+14  2.77477e+23  1.20800e+03
  7.5109e+14  3.14675e+23  1.37000e+03
  7.5116e+14  3.56933e+23  1.55400e+03
  7.5124e+14  4.15946e+23  1.81100e+03
  7.5131e+14  4.66692e+23  2.03200e+03
  7.5139e+14  5.15585e+23  2.24500e+03
  7.5146e+14  5.71611e+23  2.48900e+03
  7.5154e+14  6.32675e+23  2.75500e+03
  7.5161e+14  6.90043e+23  3.00500e+03
  7.5169e+14  7.74540e+23  3.37300e+03
  7.5176e+14  8.22058e+23  3.58000e+03
  7.5184e+14  9.17774e+23  3.99700e+03
  7.5191e+14  9.73525e+23  4.24000e+03
  7.5199e+14  1.04629e+24  4.55700e+03
  7.5207e+14  1.12522e+24  4.90100e+03
  7.5214e+14  1.21241e+24  5.28100e+03
  7.5222e+14  1.29296e+24  5.63200e+03
  7.5229e+14  1.37625e+24  5.99500e+03
  7.5237e+14  1.49743e+24  6.52300e+03
  7.5244e+14  1.62775e+24  7.09100e+03
  7.5252e+14  1.65180e+24  7.19600e+03
  7.5259e+14  1.65323e+24  7.20300e+03
  7.5267e+14  1.69367e+24  7.38000e+03
  7.5274e+14  1.66510e+24  7.25600e+03
  7.5282e+14  1.65134e+24  7.19700e+03
  7.5289e+14  1.67552e+24  7.30300e+03
  7.5297e+14  1.68064e+24  7.32600e+03
  7.5304e+14  1.67518e+24  7.30300e+03
  7.5312e+14  1.67709e+24  7.31200e+03
  7.5319e+14  1.64779e+24  7.18500e+03
  7.5327e+14  1.65315e+24  7.20900e+03
  7.5334e+14  1.65892e+24  7.23500e+03
  7.5342e+14  1.66177e+24  7.24800e+03
  7.5350e+14  1.70306e+24  7.42900e+03
  7.5357e+14  1.65567e+24  7.22300e+03
  7.5365e+14  1.64519e+24  7.17800e+03
  7.5372e+14  1.67208e+24  7.29600e+03
  7.5380e+14  1.67123e+24  7.29300e+03
  7.5387e+14  1.65502e+24  7.22300e+03
  7.5395e+14  1.66081e+24  7.24900e+03
  7.5402e+14  1.70003e+24  7.42100e+03
  7.5410e+14  1.66024e+24  7.24800e+03
  7.5417e+14  1.65734e+24  7.23600e+03
  7.5425e+14  1.63702e+24  7.14800e+03
  7.5432e+14  1.62631e+24  7.10200e+03
  7.5440e+14  1.62177e+24  7.08300e+03
  7.5448e+14  1.64131e+24  7.16900e+03
  7.5455e+14  1.63133e+24  7.12600e+03
  7.5463e+14  1.67166e+24  7.30300e+03
  7.5470e+14  1.69828e+24  7.42000e+03
  7.5478e+14  1.67270e+24  7.30900e+03
  7.5485e+14  1.62541e+24  7.10300e+03
  7.5493e+14  1.63323e+24  7.13800e+03
  7.5500e+14  1.70629e+24  7.45800e+03
  7.5508e+14  1.65443e+24  7.23200e+03
  7.5515e+14  1.65952e+24  7.25500e+03
  7.5523e+14  1.63788e+24  7.16100e+03
  7.5531e+14  1.67199e+24  7.31100e+03
  7.5538e+14  1.61627e+24  7.06800e+03
  7.5546e+14  1.68355e+24  7.36300e+03
  7.5553e+14  1.65961e+24  7.25900e+03
  7.5561e+14  1.66744e+24  7.29400e+03
  7.5568e+14  1.65651e+24  7.24700e+03
  7.5576e+14  1.63396e+24  7.14900e+03
  7.5583e+14  1.60822e+24  7.03700e+03
  7.5591e+14  1.65399e+24  7.23800e+03
  7.5599e+14  1.63986e+24  7.17700e+03
  7.5606e+14  1.61231e+24  7.05700e+03
  7.5614e+14  1.66082e+24  7.27000e+03
  7.5621e+14  1.61473e+24  7.06900e+03
  7.5629e+14  1.66570e+24  7.29300e+03
  7.5636e+14  1.64661e+24  7.21000e+03
  7.5644e+14  1.64025e+24  7.18300e+03
  7.5652e+14  1.67939e+24  7.35500e+03
  7.5659e+14  1.64746e+24  7.21600e+03
  7.5667e+14  1.63316e+24  7.15400e+03
  7.5674e+14  1.66131e+24  7.27800e+03
  7.5682e+14  1.61639e+24  7.08200e+03
  7.5689e+14  1.62695e+24  7.12900e+03
  7.5697e+14  1.65007e+24  7.23100e+03
  7.5705e+14  1.64171e+24  7.19500e+03
  7.5712e+14  1.64748e+24  7.22100e+03
  7.5720e+14  1.65299e+24  7.24600e+03
  7.5727e+14  1.61977e+24  7.10100e+03
  7.5735e+14  1.63148e+24  7.15300e+03
  7.5742e+14  1.65296e+24  7.24800e+03
  7.5750e+14  1.64549e+24  7.21600e+03
  7.5758e+14  1.63121e+24  7.15400e+03
  7.5765e+14  1.61164e+24  7.06900e+03
  7.5773e+14  1.66371e+24  7.29800e+03
  7.5780e+14  1.65029e+24  7.24000e+03
  7.5788e+14  1.64511e+24  7.21800e+03
  7.5795e+14  1.63789e+24  7.18700e+03
  7.5803e+14  1.63683e+24  7.18300e+03
  7.5811e+14  1.63051e+24  7.15600e+03
  7.5818e+14  1.63535e+24  7.17800e+03
  7.5826e+14  1.63543e+24  7.17900e+03
  7.5833e+14  1.62615e+24  7.13900e+03
  7.5841e+14  1.65671e+24  7.27400e+03
  7.5848e+14  1.62012e+24  7.11400e+03
  7.5856e+14  1.65507e+24  7.26800e+03
  7.5864e+14  1.64666e+24  7.23200e+03
  7.5871e+14  1.59960e+24  7.02600e+03
  7.5879e+14  1.61649e+24  7.10100e+03
  7.5886e+14  1.60086e+24  7.03300e+03
  7.5894e+14  1.63508e+24  7.18400e+03
  7.5902e+14  1.61718e+24  7.10600e+03
  7.5909e+14  1.65298e+24  7.26400e+03
  7.5917e+14  1.63666e+24  7.19300e+03
  7.5924e+14  1.62147e+24  7.12700e+03
  7.5932e+14  1.65199e+24  7.26200e+03
  7.5940e+14  1.60067e+24  7.03700e+03
  7.5947e+14  1.62552e+24  7.14700e+03
  7.5955e+14  1.61944e+24  7.12100e+03
  7.5962e+14  1.63774e+24  7.20200e+03
  7.5970e+14  1.62686e+24  7.15500e+03
  7.5978e+14  1.61538e+24  7.10500e+03
  7.5985e+14  1.60607e+24  7.06500e+03
  7.5993e+14  1.63887e+24  7.21000e+03
  7.6000e+14  1.62736e+24  7.16000e+03
  7.6008e+14  1.64377e+24  7.23300e+03
  7.6016e+14  1.59999e+24  7.04100e+03
  7.6023e+14  1.55894e+24  6.86100e+03
  7.6031e+14  1.60834e+24  7.07900e+03
  7.6038e+14  1.60363e+24  7.05900e+03
  7.6046e+14  1.55693e+24  6.85400e+03
  7.6054e+14  1.59584e+24  7.02600e+03
  7.6061e+14  1.59933e+24  7.04200e+03
  7.6069e+14  1.52809e+24  6.72900e+03
  7.6076e+14  1.51887e+24  6.68900e+03
  7.6084e+14  1.50489e+24  6.62800e+03
  7.6092e+14  1.51570e+24  6.67600e+03
  7.6099e+14  1.49759e+24  6.59700e+03
  7.6107e+14  1.47205e+24  6.48500e+03
  7.6114e+14  1.47011e+24  6.47700e+03
  7.6122e+14  1.43252e+24  6.31200e+03
  7.6130e+14  1.38134e+24  6.08700e+03
  7.6137e+14  1.34583e+24  5.93100e+03
  7.6145e+14  1.29648e+24  5.71400e+03
  7.6152e+14  1.29636e+24  5.71400e+03
  7.6160e+14  1.25428e+24  5.52900e+03
  7.6168e+14  1.21287e+24  5.34700e+03
  7.6175e+14  1.17899e+24  5.19800e+03
  7.6183e+14  1.14847e+24  5.06400e+03
  7.6191e+14  1.10438e+24  4.87000e+03
  7.6198e+14  1.07846e+24  4.75600e+03
  7.6206e+14  1.04886e+24  4.62600e+03
  7.6213e+14  9.83025e+23  4.33600e+03
  7.6221e+14  9.64353e+23  4.25400e+03
  7.6229e+14  8.77441e+23  3.87100e+03
  7.6236e+14  8.45852e+23  3.73200e+03
  7.6244e+14  7.85483e+23  3.46600e+03
  7.6252e+14  7.26238e+23  3.20500e+03
  7.6259e+14  6.74713e+23  2.97800e+03
  7.6267e+14  6.15961e+23  2.71900e+03
  7.6274e+14  6.05714e+23  2.67400e+03
  7.6282e+14  5.79381e+23  2.55800e+03
  7.6290e+14  5.78894e+23  2.55600e+03
  7.6297e+14  5.40565e+23  2.38700e+03
  7.6305e+14  5.19231e+23  2.29300e+03
  7.6313e+14  4.93148e+23  2.17800e+03
  7.6320e+14  4.94014e+23  2.18200e+03
  7.6328e+14  4.72243e+23  2.08600e+03
  7.6335e+14  4.48670e+23  1.98200e+03
  7.6343e+14  3.99498e+23  1.76500e+03
  7.6351e+14  3.82948e+23  1.69200e+03
  7.6358e+14  3.58467e+23  1.58400e+03
  7.6366e+14  3.40780e+23  1.50600e+03
  7.6374e+14  3.04551e+23  1.34600e+03
  7.6381e+14  2.80082e+23  1.23800e+03
  7.6389e+14  2.57199e+23  1.13700e+03
  7.6397e+14  2.52659e+23  1.11700e+03
  7.6404e+14  2.38613e+23  1.05500e+03
  7.6412e+14  2.18472e+23  9.66000e+02
  7.6419e+14  2.00576e+23  8.87000e+02
  7.6427e+14  1.81343e+23  8.02000e+02
  7.6435e+14  1.63011e+23  7.21000e+02
  7.6442e+14  1.46044e+23  6.46000e+02
  7.6450e+14  1.41957e+23  6.28000e+02
  7.6458e+14  1.34946e+23  5.97000e+02
  7.6465e+14  1.19106e+23  5.27000e+02
  7.6473e+14  1.09596e+23  4.85000e+02
  7.6481e+14  9.24135e+22  4.09000e+02
  7.6488e+14  8.72019e+22  3.86000e+02
  7.6496e+14  8.29101e+22  3.67000e+02
  7.6504e+14  6.86634e+22  3.04000e+02
  7.6511e+14  6.59480e+22  2.92000e+02
  7.6519e+14  5.80331e+22  2.57000e+02
  7.6527e+14  5.37365e+22  2.38000e+02
  7.6534e+14  5.28254e+22  2.34000e+02
  7.6542e+14  4.22073e+22  1.87000e+02
  7.6549e+14  4.64906e+22  2.06000e+02
  7.6557e+14  4.55869e+22  2.02000e+02
  7.6565e+14  3.33968e+22  1.48000e+02
  7.6572e+14  4.26429e+22  1.89000e+02
  7.6580e+14  3.88071e+22  1.72000e+02
  7.6588e+14  3.51903e+22  1.56000e+02
  7.6595e+14  3.31574e+22  1.47000e+02
  7.6603e+14  3.54064e+22  1.57000e+02
  7.6611e+14  4.12718e+22  1.83000e+02
  7.6618e+14  3.26964e+22  1.45000e+02
  7.6626e+14  2.81855e+22  1.25000e+02
  7.6634e+14  3.26890e+22  1.45000e+02
  7.6641e+14  2.54722e+22  1.13000e+02
  7.6649e+14  2.72707e+22  1.21000e+02
  7.6657e+14  2.81748e+22  1.25000e+02
  7.6664e+14  2.74962e+22  1.22000e+02
  7.6672e+14  2.59118e+22  1.15000e+02
  7.6680e+14  2.11799e+22  9.40000e+01
  7.6687e+14  2.61350e+22  1.16000e+02
  7.6695e+14  2.20763e+22  9.80000e+01
  7.6703e+14  2.20725e+22  9.80000e+01
  7.6710e+14  1.84628e+22  8.20000e+01
  7.6718e+14  1.77891e+22  7.90000e+01
  7.6726e+14  1.93654e+22  8.60000e+01
  7.6733e+14  1.77852e+22  7.90000e+01
  7.6741e+14  2.25129e+22  1.00000e+02
  7.6749e+14  2.25069e+22  1.00000e+02
  7.6756e+14  2.29559e+22  1.02000e+02
  7.6764e+14  2.65539e+22  1.18000e+02
  7.6772e+14  3.75771e+22  1.67000e+02
  7.6779e+14  3.15011e+22  1.40000e+02
  7.6787e+14  3.28497e+22  1.46000e+02
  7.6795e+14  3.12764e+22  1.39000e+02
  7.6802e+14  2.96912e+22  1.32000e+02
  7.6810e+14  3.03662e+22  1.35000e+02
  7.6818e+14  2.81148e+22  1.25000e+02
  7.6826e+14  2.69860e+22  1.20000e+02
  7.6833e+14  2.92358e+22  1.30000e+02
  7.6841e+14  2.56339e+22  1.14000e+02
  7.6849e+14  2.54034e+22  1.13000e+02
  7.6856e+14  2.58523e+22  1.15000e+02
  7.6864e+14  2.74218e+22  1.22000e+02
  7.6872e+14  2.35956e+22  1.05000e+02
  7.6879e+14  2.83131e+22  1.26000e+02
  7.6887e+14  2.42642e+22  1.08000e+02
  7.6895e+14  2.89804e+22  1.29000e+02
  7.6902e+14  2.87524e+22  1.28000e+02
  7.6910e+14  3.27913e+22  1.46000e+02
  7.6918e+14  3.43580e+22  1.53000e+02
  7.6925e+14  2.98680e+22  1.33000e+02
  7.6933e+14  3.39050e+22  1.51000e+02
  7.6941e+14  3.16557e+22  1.41000e+02
  7.6949e+14  3.97335e+22  1.77000e+02
  7.6956e+14  4.01838e+22  1.79000e+02
  7.6964e+14  3.63595e+22  1.62000e+02
  7.6972e+14  3.54586e+22  1.58000e+02
  7.6979e+14  4.24089e+22  1.89000e+02
  7.6987e+14  5.16068e+22  2.30000e+02
  7.6995e+14  4.73399e+22  2.11000e+02
  7.7002e+14  5.81055e+22  2.59000e+02
  7.7010e+14  5.78736e+22  2.58000e+02
  7.7018e+14  8.49976e+22  3.79000e+02
  7.7026e+14  7.80457e+22  3.48000e+02
  7.7033e+14  9.50790e+22  4.24000e+02
  7.7041e+14  1.14360e+23  5.10000e+02
  7.7049e+14  1.30058e+23  5.80000e+02
  7.7056e+14  1.29155e+23  5.76000e+02
  7.7064e+14  1.32955e+23  5.93000e+02
  7.7072e+14  1.28463e+23  5.73000e+02
  7.7079e+14  1.19709e+23  5.34000e+02
  7.7087e+14  1.26865e+23  5.66000e+02
  7.7095e+14  1.15201e+23  5.14000e+02
  7.7103e+14  1.16313e+23  5.19000e+02
  7.7110e+14  1.02184e+23  4.56000e+02
  7.7118e+14  9.97104e+22  4.45000e+02
  7.7126e+14  9.25277e+22  4.13000e+02
  7.7133e+14  8.75926e+22  3.91000e+02
  7.7141e+14  8.62382e+22  3.85000e+02
  7.7149e+14  7.54748e+22  3.37000e+02
  7.7157e+14  7.85985e+22  3.51000e+02
  7.7164e+14  7.67923e+22  3.43000e+02
  7.7172e+14  8.30481e+22  3.71000e+02
  7.7180e+14  9.13300e+22  4.08000e+02
  7.7187e+14  9.82714e+22  4.39000e+02
  7.7195e+14  8.81807e+22  3.94000e+02
  7.7203e+14  8.43718e+22  3.77000e+02
  7.7211e+14  8.77187e+22  3.92000e+02
  7.7218e+14  7.71994e+22  3.45000e+02
  7.7226e+14  8.70395e+22  3.89000e+02
  7.7234e+14  8.21069e+22  3.67000e+02
  7.7241e+14  7.91971e+22  3.54000e+02
  7.7249e+14  7.47159e+22  3.34000e+02
  7.7257e+14  6.64304e+22  2.97000e+02
  7.7265e+14  6.68720e+22  2.99000e+02
  7.7272e+14  6.91050e+22  3.09000e+02
  7.7280e+14  6.23844e+22  2.79000e+02
  7.7288e+14  5.90253e+22  2.64000e+02
  7.7296e+14  5.47736e+22  2.45000e+02
  7.7303e+14  5.20859e+22  2.33000e+02
  7.7311e+14  4.69406e+22  2.10000e+02
  7.7319e+14  4.44768e+22  1.99000e+02
  7.7326e+14  4.08964e+22  1.83000e+02
  7.7334e+14  3.82142e+22  1.71000e+02
  7.7342e+14  3.59706e+22  1.61000e+02
  7.7350e+14  3.64153e+22  1.63000e+02
  7.7357e+14  2.83686e+22  1.27000e+02
  7.7365e+14  2.83640e+22  1.27000e+02
  7.7373e+14  3.08182e+22  1.38000e+02
  7.7381e+14  2.74624e+22  1.23000e+02
  7.7388e+14  2.52314e+22  1.13000e+02
  7.7396e+14  3.30412e+22  1.48000e+02
  7.7404e+14  3.63849e+22  1.63000e+02
  7.7412e+14  3.03550e+22  1.36000e+02
  7.7419e+14  2.85677e+22  1.28000e+02
  7.7427e+14  2.76697e+22  1.24000e+02
  7.7435e+14  2.29828e+22  1.03000e+02
  7.7443e+14  2.69961e+22  1.21000e+02
  7.7450e+14  2.67680e+22  1.20000e+02
  7.7458e+14  2.69904e+22  1.21000e+02
  7.7466e+14  2.36407e+22  1.06000e+02
  7.7474e+14  2.60916e+22  1.17000e+02
  7.7481e+14  2.89854e+22  1.30000e+02
  7.7489e+14  2.83196e+22  1.27000e+02
  7.7497e+14  2.25162e+22  1.01000e+02
  7.7505e+14  2.25151e+22  1.01000e+02
  7.7512e+14  2.27355e+22  1.02000e+02
  7.7520e+14  1.96144e+22  8.80000e+01
  7.7528e+14  1.84980e+22  8.30000e+01
  7.7536e+14  1.71587e+22  7.70000e+01
  7.7543e+14  1.67117e+22  7.50000e+01
  7.7551e+14  1.33690e+22  6.00000e+01
  7.7559e+14  1.84904e+22  8.30000e+01
  7.7567e+14  1.40359e+22  6.30000e+01
  7.7574e+14  1.60365e+22  7.20000e+01
  7.7582e+14  1.38099e+22  6.20000e+01
  7.7590e+14  1.58109e+22  7.10000e+01
  7.7598e+14  1.75928e+22  7.90000e+01
  7.7605e+14  1.40272e+22  6.30000e+01
  7.7613e+14  1.38031e+22  6.20000e+01
  7.7621e+14  1.42485e+22  6.40000e+01
  7.7629e+14  1.11311e+22  5.00000e+01
  7.7636e+14  1.22425e+22  5.50000e+01
  7.7644e+14  1.02377e+22  4.60000e+01
  7.7652e+14  1.35729e+22  6.10000e+01
  7.7660e+14  1.11249e+22  5.00000e+01
  7.7667e+14  9.56580e+21  4.30000e+01
  7.7675e+14  1.51238e+22  6.80000e+01
  7.7683e+14  1.06730e+22  4.80000e+01
  7.7691e+14  1.37879e+22  6.20000e+01
  7.7699e+14  1.66773e+22  7.50000e+01
  7.7706e+14  1.28932e+22  5.80000e+01
  7.7714e+14  1.80071e+22  8.10000e+01
  7.7722e+14  1.46715e+22  6.60000e+01
  7.7730e+14  1.44457e+22  6.50000e+01
  7.7737e+14  1.44467e+22  6.50000e+01
  7.7745e+14  1.42189e+22  6.40000e+01
  7.7753e+14  1.33296e+22  6.00000e+01
  7.7761e+14  7.77366e+21  3.50000e+01
  7.7768e+14  1.48782e+22  6.70000e+01
  7.7776e+14  1.46564e+22  6.60000e+01
  7.7784e+14  1.31022e+22  5.90000e+01
  7.7792e+14  1.57660e+22  7.10000e+01
  7.7800e+14  1.97603e+22  8.90000e+01
  7.7807e+14  1.99804e+22  9.00000e+01
  7.7815e+14  2.53088e+22  1.14000e+02
  7.7823e+14  2.17548e+22  9.80000e+01
  7.7831e+14  2.24173e+22  1.01000e+02
  7.7839e+14  2.17521e+22  9.80000e+01
  7.7846e+14  2.08601e+22  9.40000e+01
  7.7854e+14  2.39626e+22  1.08000e+02
  7.7862e+14  2.68457e+22  1.21000e+02
  7.7870e+14  2.90638e+22  1.31000e+02
  7.7877e+14  3.61610e+22  1.63000e+02
  7.7885e+14  3.50517e+22  1.58000e+02
  7.7893e+14  3.65999e+22  1.65000e+02
  7.7901e+14  3.72651e+22  1.68000e+02
  7.7909e+14  3.63758e+22  1.64000e+02
  7.7916e+14  3.65969e+22  1.65000e+02
  7.7924e+14  3.14894e+22  1.42000e+02
  7.7932e+14  3.74768e+22  1.69000e+02
  7.7940e+14  3.45880e+22  1.56000e+02
  7.7948e+14  3.01513e+22  1.36000e+02
  7.7955e+14  3.14786e+22  1.42000e+02
  7.7963e+14  2.88178e+22  1.30000e+02
  7.7971e+14  4.05603e+22  1.83000e+02
  7.7979e+14  3.94485e+22  1.78000e+02
  7.7987e+14  3.63448e+22  1.64000e+02
  7.7994e+14  3.19089e+22  1.44000e+02
  7.8002e+14  2.63680e+22  1.19000e+02
  7.8010e+14  2.61413e+22  1.18000e+02
  7.8018e+14  2.50283e+22  1.13000e+02
  7.8026e+14  2.08183e+22  9.40000e+01
  7.8033e+14  2.10367e+22  9.50000e+01
  7.8041e+14  2.21395e+22  1.00000e+02
  7.8049e+14  1.97046e+22  8.90000e+01
  7.8057e+14  1.97010e+22  8.90000e+01
  7.8065e+14  1.96978e+22  8.90000e+01
  7.8072e+14  1.99176e+22  9.00000e+01
  7.8080e+14  1.39409e+22  6.30000e+01
  7.8088e+14  1.68122e+22  7.60000e+01
  7.8096e+14  1.61506e+22  7.30000e+01
  7.8104e+14  9.95297e+21  4.50000e+01
  7.8111e+14  1.32680e+22  6.00000e+01
  7.8119e+14  1.08337e+22  4.90000e+01
  7.8127e+14  9.50742e+21  4.30000e+01
  7.8135e+14  9.06395e+21  4.10000e+01
  7.8143e+14  1.12744e+22  5.10000e+01
  7.8150e+14  1.14909e+22  5.20000e+01
  7.8158e+14  1.61291e+22  7.30000e+01
  7.8166e+14  1.87761e+22  8.50000e+01
  7.8174e+14  2.36362e+22  1.07000e+02
  7.8182e+14  2.07665e+22  9.40000e+01
  7.8190e+14  2.76131e+22  1.25000e+02
  7.8197e+14  2.69469e+22  1.22000e+02
  7.8205e+14  3.11398e+22  1.41000e+02
  7.8213e+14  2.78270e+22  1.26000e+02
  7.8221e+14  3.29025e+22  1.49000e+02
  7.8229e+14  2.98053e+22  1.35000e+02
  7.8236e+14  3.31148e+22  1.50000e+02
  7.8244e+14  4.03916e+22  1.83000e+02
  7.8252e+14  4.19424e+22  1.90000e+02
  7.8260e+14  4.76686e+22  2.16000e+02
  7.8268e+14  4.50212e+22  2.04000e+02
  7.8276e+14  5.07552e+22  2.30000e+02
  7.8283e+14  5.45035e+22  2.47000e+02
  7.8291e+14  5.86866e+22  2.66000e+02
  7.8299e+14  5.60331e+22  2.54000e+02
  7.8307e+14  5.66922e+22  2.57000e+02
  7.8315e+14  4.91848e+22  2.23000e+02
  7.8323e+14  5.07276e+22  2.30000e+02
  7.8330e+14  5.09399e+22  2.31000e+02
  7.8338e+14  5.22575e+22  2.37000e+02
  7.8346e+14  5.33529e+22  2.42000e+02
  7.8354e+14  5.33470e+22  2.42000e+02
  7.8362e+14  5.26823e+22  2.39000e+02
  7.8370e+14  5.17952e+22  2.35000e+02
  7.8377e+14  5.46542e+22  2.48000e+02
  7.8385e+14  5.09050e+22  2.31000e+02
  7.8393e+14  5.64077e+22  2.56000e+02
  7.8401e+14  5.28736e+22  2.40000e+02
  7.8409e+14  5.92629e+22  2.69000e+02
  7.8417e+14  5.96915e+22  2.71000e+02
  7.8424e+14  5.46222e+22  2.48000e+02
  7.8432e+14  6.25453e+22  2.84000e+02
  7.8440e+14  5.35040e+22  2.43000e+02
  7.8448e+14  6.36322e+22  2.89000e+02
  7.8456e+14  6.27385e+22  2.85000e+02
  7.8464e+14  6.47201e+22  2.94000e+02
  7.8472e+14  6.75722e+22  3.07000e+02
  7.8479e+14  6.88884e+22  3.13000e+02
  7.8487e+14  8.25192e+22  3.75000e+02
  7.8495e+14  9.48327e+22  4.31000e+02
  7.8503e+14  9.65750e+22  4.39000e+02
  7.8511e+14  1.10639e+23  5.03000e+02
  7.8519e+14  1.30437e+23  5.93000e+02
  7.8526e+14  1.48875e+23  6.77000e+02
  7.8534e+14  1.93498e+23  8.80000e+02
  7.8542e+14  2.36798e+23  1.07700e+03
  7.8550e+14  3.08869e+23  1.40500e+03
  7.8558e+14  3.48650e+23  1.58600e+03
  7.8566e+14  3.84468e+23  1.74900e+03
  7.8574e+14  4.30396e+23  1.95800e+03
  7.8581e+14  4.86232e+23  2.21200e+03
  7.8589e+14  5.01116e+23  2.28000e+03
  7.8597e+14  4.88544e+23  2.22300e+03
  7.8605e+14  5.46267e+23  2.48600e+03
  7.8613e+14  6.67344e+23  3.03800e+03
  7.8621e+14  8.29355e+23  3.77600e+03
  7.8629e+14  9.76632e+23  4.44700e+03
  7.8636e+14  1.11389e+24  5.07200e+03
  7.8644e+14  1.30759e+24  5.95400e+03
  7.8652e+14  1.44156e+24  6.56400e+03
  7.8660e+14  1.46910e+24  6.69000e+03
  7.8668e+14  1.44129e+24  6.56400e+03
  7.8676e+14  1.44926e+24  6.60100e+03
  7.8684e+14  1.41667e+24  6.45300e+03
  7.8692e+14  1.44435e+24  6.58000e+03
  7.8699e+14  1.42930e+24  6.51200e+03
  7.8707e+14  1.44318e+24  6.57600e+03
  7.8715e+14  1.44021e+24  6.56300e+03
  7.8723e+14  1.41394e+24  6.44400e+03
  7.8731e+14  1.43180e+24  6.52600e+03
  7.8739e+14  1.42969e+24  6.51700e+03
  7.8747e+14  1.46882e+24  6.69600e+03
  7.8755e+14  1.44521e+24  6.58900e+03
  7.8762e+14  1.45732e+24  6.64500e+03
  7.8770e+14  1.44072e+24  6.57000e+03
  7.8778e+14  1.44280e+24  6.58000e+03
  7.8786e+14  1.46260e+24  6.67100e+03
  7.8794e+14  1.43547e+24  6.54800e+03
  7.8802e+14  1.43666e+24  6.55400e+03
  7.8810e+14  1.44331e+24  6.58500e+03
  7.8818e+14  1.45500e+24  6.63900e+03
  7.8825e+14  1.45199e+24  6.62600e+03
  7.8833e+14  1.43870e+24  6.56600e+03
  7.8841e+14  1.44975e+24  6.61700e+03
  7.8849e+14  1.45640e+24  6.64800e+03
  7.8857e+14  1.47684e+24  6.74200e+03
  7.8865e+14  1.48172e+24  6.76500e+03
  7.8873e+14  1.49909e+24  6.84500e+03
  7.8881e+14  1.43282e+24  6.54300e+03
  7.8889e+14  1.43597e+24  6.55800e+03
  7.8896e+14  1.45289e+24  6.63600e+03
  7.8904e+14  1.43523e+24  6.55600e+03
  7.8912e+14  1.42107e+24  6.49200e+03
  7.8920e+14  1.43843e+24  6.57200e+03
  7.8928e+14  1.44664e+24  6.61000e+03
  7.8936e+14  1.40118e+24  6.40300e+03
  7.8944e+14  1.38922e+24  6.34900e+03
  7.8952e+14  1.45384e+24  6.64500e+03
  7.8960e+14  1.43816e+24  6.57400e+03
  7.8967e+14  1.40327e+24  6.41500e+03
  7.8975e+14  1.46019e+24  6.67600e+03
  7.8983e+14  1.43116e+24  6.54400e+03
  7.8991e+14  1.42597e+24  6.52100e+03
  7.8999e+14  1.44749e+24  6.62000e+03
  7.9007e+14  1.40866e+24  6.44300e+03
  7.9015e+14  1.43672e+24  6.57200e+03
  7.9023e+14  1.44181e+24  6.59600e+03
  7.9031e+14  1.44253e+24  6.60000e+03
  7.9039e+14  1.43825e+24  6.58100e+03
  7.9046e+14  1.39505e+24  6.38400e+03
  7.9054e+14  1.43952e+24  6.58800e+03
  7.9062e+14  1.42469e+24  6.52100e+03
  7.9070e+14  1.40931e+24  6.45100e+03
  7.9078e+14  1.45696e+24  6.67000e+03
  7.9086e+14  1.41469e+24  6.47700e+03
  7.9094e+14  1.42718e+24  6.53500e+03
  7.9102e+14  1.43995e+24  6.59400e+03
  7.9110e+14  1.43016e+24  6.55000e+03
  7.9118e+14  1.41280e+24  6.47100e+03
  7.9126e+14  1.41505e+24  6.48200e+03
  7.9133e+14  1.42670e+24  6.53600e+03
  7.9141e+14  1.41912e+24  6.50200e+03
  7.9149e+14  1.40703e+24  6.44700e+03
  7.9157e+14  1.41320e+24  6.47600e+03
  7.9165e+14  1.39274e+24  6.38300e+03
  7.9173e+14  1.46152e+24  6.69900e+03
  7.9181e+14  1.40689e+24  6.44900e+03
  7.9189e+14  1.42724e+24  6.54300e+03
  7.9197e+14  1.41424e+24  6.48400e+03
  7.9205e+14  1.43697e+24  6.58900e+03
  7.9213e+14  1.43357e+24  6.57400e+03
  7.9221e+14  1.38721e+24  6.36200e+03
  7.9228e+14  1.44024e+24  6.60600e+03
  7.9236e+14  1.43553e+24  6.58500e+03
  7.9244e+14  1.39811e+24  6.41400e+03
  7.9252e+14  1.40384e+24  6.44100e+03
  7.9260e+14  1.43227e+24  6.57200e+03
  7.9268e+14  1.41293e+24  6.48400e+03
  7.9276e+14  1.39364e+24  6.39600e+03
  7.9284e+14  1.40480e+24  6.44800e+03
  7.9292e+14  1.40488e+24  6.44900e+03
  7.9300e+14  1.46010e+24  6.70300e+03
  7.9308e+14  1.41834e+24  6.51200e+03
  7.9316e+14  1.41883e+24  6.51500e+03
  7.9324e+14  1.42156e+24  6.52800e+03
  7.9332e+14  1.39245e+24  6.39500e+03
  7.9339e+14  1.42975e+24  6.56700e+03
  7.9347e+14  1.42026e+24  6.52400e+03
  7.9355e+14  1.39986e+24  6.43100e+03
  7.9363e+14  1.43847e+24  6.60900e+03
  7.9371e+14  1.42438e+24  6.54500e+03
  7.9379e+14  1.40574e+24  6.46000e+03
  7.9387e+14  1.42519e+24  6.55000e+03
  7.9395e+14  1.42461e+24  6.54800e+03
  7.9403e+14  1.39464e+24  6.41100e+03
  7.9411e+14  1.39647e+24  6.42000e+03
  7.9419e+14  1.40741e+24  6.47100e+03
  7.9427e+14  1.38644e+24  6.37500e+03
  7.9435e+14  1.39495e+24  6.41500e+03
  7.9443e+14  1.40983e+24  6.48400e+03
  7.9451e+14  1.45383e+24  6.68700e+03
  7.9459e+14  1.42044e+24  6.53400e+03
  7.9466e+14  1.39398e+24  6.41300e+03
  7.9474e+14  1.41278e+24  6.50000e+03
  7.9482e+14  1.38285e+24  6.36300e+03
  7.9490e+14  1.42463e+24  6.55600e+03
  7.9497e+14  1.42916e+24  4.72400e+03
